!Version 3.0

*dim,tsave,array,122
tsave(1)=60,120,180,240,300,360,420,480,540
tsave(10)=600,660,720,780,840,900,1200,1500,1800,2100
tsave(20)=2400,2700,3000,3300,3600,3900,4200,4500,4800,5100
tsave(30)=5400,5700,6000,6300,6600,6900,7200,9000,10800,12600
tsave(40)=14400,16200,18000,19800,21600,23400,25200,27000,28800,30600
tsave(50)=32400,34200,36000,37800,39600,41400,43200,45000,46800,48600
tsave(60)=50400,52200,54000,55800,57600,59400,61200,63000,64800,66600
tsave(70)=68400,70200,72000,73800,75600,77400,79200,81000,82800,84600
tsave(80)=86400,88200,90000,91800,93600,95400,97200,99000,100800,102600
tsave(90)=104400,106200,108000,109800,111600,113400,115200,117000,118800,120600
tsave(100)=122400,124200,126000,127800,129600,136800,144000,151200,158400,165600
tsave(110)=172800,180000,187200,194400,201600,208800,216000,223200,230400,237600
tsave(120)=244800,252000,259200

OUTRES,ERASE 
OUTRES,basic,%tsave%
OUTRES,ESOL,%tsave%
